10014
10003
10006
10002
10011
10007
10010
10008
10013
10005
10015
10009
10012
10004
10001
10031
10017
10025
10030
10016
10034
10032
10020
10035
10027
10029
10022
10021
10033
10028
10019
10026
10018
10023
10024
10037
10044
10054
10046
10047
10048
10040
10049
10041
10038
10055
10051
10050
10036
10052
10053
10043
10045
10039
10042
10057
10074
10063
10073
10070
10058
10072
10064
10059
10060
10067
10075
10061
10056
10071
10066
10068
10062
10069
10065
10078
10083
10080
10085
10082
10076
10077
10089
10091
10086
10093
10092
10088
10094
10095
10087
10079
10090
10084
10081
10096
10101
10104
10097
10098
10107
10108
10100
10110
10112
10103
10114
10102
10109
10113
10106
10115
10099
10111
10105
10118
10123
10122
10119
10132
10128
10125
10129
10121
10134
10131
10116
10135
10133
10124
10127
10120
10126
10130
10117
10153
10144
10151
10149
10148
10139
10141
10138
10147
10155
10152
10137
10145
10136
10140
10143
10154
10150
10142
10146
10157
10156
10160
10165
10162
10168
10175
10159
10166
10174
10161
10167
10173
10164
10170
10169
10171
10172
10158
10163
10178
10181
10186
10183
10194
10189
10193
10192
10195
10184
10176
10179
10187
10180
10190
10182
10191
10188
10177
10185
10198
10208
10196
10199
10205
10197
10200
10202
10211
10203
10213
10206
10207
10214
10201
10210
10212
10209
10215
10204
10220
10223
10233
10217
10235
10229
10221
10224
10225
10234
10232
10231
10230
10219
10218
10222
10226
10227
10228
10216
10240
10252
10236
10239
10237
10242
10246
10249
10243
10244
10254
10251
10248
10247
10245
10255
10253
10250
10241
10238
10260
10258
10262
10256
10257
10259
10265
10270
10275
10274
10263
10273
10267
10272
10264
10266
10268
10271
10269
10261
10295
10280
10293
10283
10276
10279
10289
10290
10288
10277
10286
10284
10287
10282
10292
10294
10278
10285
10281
10291
10309
10312
10310
10305
10303
10298
10299
10302
10304
10306
10313
10315
10307
10301
10297
10296
10314
10300
10308
10311
10324
10318
10317
10325
10320
10323
10319
10322
10316
10321
